n:	50																																																									
m:	45																																																									
c:	1000																																																									
l:	58																																																									
pesi:	[73	125	172	58	139	91	166	76	210	116	72	203	141	95	256	105	218	292	145	93	133	191	62	104	76	169	251	198	259	148	182	52	176	157	103	222	73	86	198	191]																		
partenza:	[1	2	2	4	4	5	5	6	7	8	9	9	9	9	11	11	12	13	14	14	15	15	15	16	17	17	18	19	20	20	21	21	21	22	22	23	23	25	26	27	28	29	30	31	33	33	33	33	33	34	35	36	37	37	37	38	43	46]
arrivo:	[33	8	9	11	38	10	30	7	33	13	12	14	15	17	12	16	33	18	19	21	23	30	32	24	20	22	27	28	26	31	29	30	32	25	44	31	48	33	34	37	35	36	38	49	39	40	41	42	47	44	45	43	45	46	47	48	49	50]
pval:	[3	2	2	3	0	2	0	2	3	1	0	3	2	2	3	1	3	1	0	0	0	1	0	1	3	3	0	2	1	0	0	3	3	3	3	1	3	2	3	1	2	0	2	1	1	1	0	2	1	2	2	3	3	3	0	0	2	3]



